4 3193                                                  
5 3192                                                  
6 3464                                                  
9 3460                                                  
11 3579                                                  
12 7930                                                  
13 7026                                                  
16 3596                                                  
18 3626A                                                 
19 3624                                                  
22 3581                                                  
25 3582                                                  
26 3497                                                  
28 3062B                                                 
34 7049                                                  
40 3046                                                  
47 3659                                                  
48 3049                                                  
56 3660                                                  
57 3045                                                  
62 3145                                                  
64 3359                                                  
65 3358                                                  
89 9244                                                  
93 3479                                                  
94 3865                                                  
95 2748                                                  
96 3831                                                  
97 3830                                                  
98 3685                                                  
99 3684                                                  
100 3665                                                  
101 3623                                                  
102 3644                                                  
103 73037                                                 
114 3848                                                  
116 3847                                                  
117 3846                                                  
117P47 3846P47                                               
118 3849                                                  
121 3787                                                  
122 122C01                                                
123 3641                                                  
132 3483                                                  
134 3794                                                  
138 3855                                                  
140 3821                                                  
141 3822                                                  
142 3741                                                  
143 3742                                                  
144 3854                                                  
145 3856                                                  
146 2529                                                  
148 3957                                                  
149 3962                                                  
150 3899                                                  
157 4070                                                  
158 3189                                                  
159 3188                                                  
161 4085                                                  
163 3315                                                  
174 4081                                                  
175 4178                                                  
176 4023                                                  
177 73092                                                 
178 4175                                                  
179 4073                                                  
180 4161                                                  
195 4170                                                  
196 4171                                                  
197 73090                                                 
198 4176                                                  
199 3675                                                  
205 32073                                                 
206 73071                                                 
211 6100                                                  
212 4229                                                  
216 3612                                                  
217 4228                                                  
231 4349                                                  
234 4286                                                  
236 73312                                                 
238 3048                                                  
239 4528                                                  
240 4287                                                  
241 4529                                                  
246 73435                                                 
247 73436                                                 
247B 73435                                                 
248 3676                                                  
252 4599                                                  
256 3058                                                  
257 4476                                                  
258 4169                                                  
259 4168                                                  
262 3811                                                  
262P01 3811P01                                               
274 4590                                                  
275 4460                                                  
278 4490                                                  
249 4495                                                  
291 4868                                                  
292 4869                                                  
293 3867                                                  
294 4447                                                  
295 4448                                                  
296 4740                                                  
297 4593                                                  
299 4589                                                  
302 4872                                                  
305 2335                                                  
306 2343                                                  
307 4735                                                  
321 2412                                                  
324 2458                                                  
338 2433                                                  
339 4474                                                  
340 2583                                                  
352 4095                                                  
368 2569                                                  
369 3187                                                  
370 3186                                                  
371 2920                                                  
372 2337                                                  
373 6019                                                  
376 4733                                                  
380 6016                                                  
381 6048                                                  
386 6020                                                  
387 6060                                                  
388 6070                                                  
391 6558                                                  
395 3587                                                  
396 4595                                                  
401 2516                                                  
404 6541                                                  
407 71076                                                 
408 71075                                                 
415 6217                                                  
418 6037                                                  
426 6043                                                  
427 6046                                                  
428 75535                                                 
432 6126                                                  
461 3688                                                  
497 7039                                                  
513 3144                                                  
583 30031                                                 
588 71137                                                 
602 32000                                                 
605 6152                                                  
708 3062A                                                 
720 3218                                                  
808 2348A                                                 
810 6238                                                  
829 3433                                                  
860 6120                                                  
960 2620                                                  
961 4284                                                  
965 4089                                                  
2348 2348B                                                 
2358P01 80547                                                 
2418 2418B                                                 
2455 3755                                                  
2561 2566                                                  
2562 2536                                                  
2748 3857                                                  
2837A 2838C01                                               
2872 2921                                                  
3062 3062B                                                 
3137A 3137                                                  
3137B 20                                                    
3149A 313                                                   
3149B 314                                                   
3149C 3149                                                  
3324A 3324                                                  
3465 3480                                                  
3463 3481                                                  
3626 3626B                                                 
3626-4T 3626B-4T                                              
3626P01 3626BP01                                              
3626P02 3626BP02                                              
3709 3709B                                                 
3944 3961                                                  
3945 3839                                                  
3946 3963                                                  
3949 3838                                                  
3950 3959                                                  
3951 3939                                                  
3951P68 3939P68                                               
4203 4201                                                  
4601 4624                                                  
6237 601                                                   
73590 73590B                                                
9326 973                                                   
9326-4T 973S01                                              
9326P01 973P01                                                
9326P02 973P02                                                
9326P11 973P11                                                
9326P14 973P14                                                
9326P15 973P15                                                
9326P16 973P16                                                
9326P17 973P17                                                
9326P18 973P18                                                
9326P47 973P47                                                
9326P51 973P51                                                
9326P52 973P52                                                
9326P60 973P60                                                
9326P61 973P61                                                
9326P63 973P63                                                
9326P68 973P68                                                
9326T01 973P01                                                
9326T02 973P02                                                
4265 4265B                                                    
571 6629                                                      
